394690325,
394247967,
393806743,
393367931,
392932112,
392499979,
392072310,
391649766,
391232683,
390821367,
390416698,
390018753,
389627803,
389244115,
388867733,
388498722,
388137212,
387783046,
387436411,
387097151,
386765267,
386440881,
386123346,
385813034,
385509931,
385213716,
384924237,
384641942,
384366285,
384097866,
383836230,
383581602,
383334087,
383093920,
382860991,
382635590,
382417920,
382207940,
382006097,
381811872,
381626314,
381448884,
381279926,
381119596,
380967620,
380824252,
380689580,
380563112,
380445184,
380335258,
380233412,
380139182,
380052504,
379972887,
379900019,
379833587,
379773151,
379718164,
379668264,
379623205,
379582448,
379545336,
379511613,
379480923,
379453213,
379427664,
379404534,
379383346,
379364021,
379346709,
379330933,
379317489,
379305841,
379296779,
379290664,
379287231,
379287470,
379291671,
379300153,
379313607,
379332492,
379358027,
379389804,
379429068,
379475717,
379530644,
379594470,
379667110,
379749289,
379840925,
379942295,
380053804,
380174888,
380305704,
380446116,
380595810,
380754142,
380921053,
381095517,
381277612,
381466494,
381660994,
381860970,
382065127,
382272953,
382483730,
382696083,
382910077,
383124213,
383338082,
383550607,
383761453,
383969690,
384174750,
384376269,
384573310,
384765603,
384952475,
385134087,
385309573,
385478958,
385641921,
385797921,
385947458,
386089847,
386225527,
386354053,
386475814,
386590490,
386698709,
386799666,
386894437,
386982890,
387065045,
387141337,
387211999,
387277124,
387337459,
387393050,
387444135,
387491658,
387535911,
387577180,
387615789,
387652518,
387688173,
387722626,
387757211,
387792201,
387828102,
387865555,
387905690,
387948779,
387995492,
388046482,
388102608,
388164434,
388232737,
388307213,
388389617,
388479769,
388578374,
388685823,
388802035,
388927818,
389063237,
389208389,
389362987,
389527541,
389701522,
389884796,
390076892,
390277432,
390485784,
390701391,
390923648,
391151558,
391384208,
391620866,
391860098,
392100998,
392342899,
392584165,
392824196,
393060810,
393294399,
393522866,
393744996,
393960647,
394168314,
394367459,
394557236,
394736589,
394905818,
395063757,
395210243,
395345517,
395469080,
395580659,
395680954,
395770226,
395848354,
395916397,
395974288,
396023035,
396063391,
396095922,
396121369,
396140931,
396155411,
396165426,
396172031,
396176572,
396179344,
396181609,
396184099,
396187406,
396192983,
396200499,
396211446,
396226023,
396244711,
396268127,
396296490,
396330178,
396368915,
396413057,
396462577,
396517817,
396577996,
396643055,
396712762,
396786854,
396864835,
396946061,
397030161,
397116612,
397204881,
397294619,
397384556,
397474957,
397564713,
397653702,
397740914,
397826231,
397909580,
397990348,
398068201,
398142903,
398214676,
398283470,
398349000,
398411930,
398471793,
398529735,
398585249,
398639613,
398692794,
398745225,
398798100,
398851354,
398905928,
398962782,
399021765,
399084165,
399150327,
399220697,
399295965,
399376363,
399462105,
399554136,
399652148,
399756334,
399866809,
399983558,
400106529,
400235613,
400370319,
400510742,
400655976,
400805840,
400960314,
401117980,
401279107,
401442804,
401608252,
401775404,
401943248,
402111667,
402279520,
402446764,
402612637,
402776570,
402938707,
403097949,
403254189,
403406850,
403555557,
403700504,
403840549,
403976110,
404106878,
404231986,
404351780,
404465801,
404573755,
404675333,
404770776,
404859051,
404940679,
405015088,
405081722,
405140657,
405191736,
405234432,
405268645,
405293829,
405309866,
405316325,
405312873,
405299558,
405275543,
405240653,
405194909,
405137677,
405068511,
404987424,
404893748,
404787604,
404668391,
404535979,
404389701,
404230027,
404056400,
403868720,
403666711,
403450360,
403219610,
402974370,
402714865,
402441177,
402153469,
401851600,
401536397,
401208084,
400866777,
400513359,
400148246,
399772017,
399385471,
398989040,
398583683,
398170684,
397750573,
397324281,
396892472,
396456755,
396017721,
395576351,
395133549,
