394690334,
394247967,
393806745,
393367933,
392932099,
392499982,
392072317,
391649767,
391232671,
390821359,
390416717,
390018754,
389627800,
389244086,
388867739,
388498735,
388137213,
387783046,
387436420,
387097160,
386765280,
386440884,
386123357,
385813037,
385509952,
385213710,
384924236,
384641931,
384366296,
384097870,
383836226,
383581590,
383334093,
383093929,
382861000,
382635593,
382417932,
382207949,
382006098,
381811875,
381626315,
381448894,
381279933,
381119611,
380967618,
380824263,
380689605,
380563114,
380445194,
380335249,
380233423,
380139180,
380052504,
379972891,
379900029,
379833588,
379773148,
379718161,
379668271,
379623219,
379582445,
379545344,
379511616,
379480909,
379453207,
379427656,
379404531,
379383366,
379364027,
379346712,
379330929,
379317492,
379305840,
379296783,
379290667,
379287226,
379287478,
379291682,
379300154,
379313617,
379332485,
379358036,
379389803,
379429060,
379475701,
379530644,
379594471,
379667100,
379749276,
379840927,
379942306,
380053808,
380174891,
380305702,
380446106,
380595812,
380754135,
380921068,
381095532,
381277612,
381466496,
381661006,
381860961,
382065129,
382272949,
382483737,
382696076,
382910093,
383124204,
383338077,
383550612,
383761454,
383969691,
384174764,
384376265,
384573316,
384765607,
384952484,
385134090,
385309588,
385478955,
385641922,
385797919,
385947459,
386089856,
386225533,
386354062,
386475819,
386590489,
386698703,
386799671,
386894441,
386982892,
387065051,
387141329,
387212004,
387277143,
387337459,
387393058,
387444146,
387491680,
387535915,
387577185,
387615793,
387652522,
387688177,
387722632,
387757205,
387792202,
387828103,
387865548,
387905695,
387948786,
387995489,
388046494,
388102606,
388164452,
388232740,
388307223,
388389621,
388479758,
388578375,
388685826,
388802035,
388927826,
389063243,
389208383,
389362995,
389527543,
389701524,
389884801,
390076912,
390277418,
390485790,
390701405,
390923663,
391151572,
391384208,
391620882,
391860115,
392101001,
392342905,
392584160,
392824205,
393060808,
393294391,
393522865,
393745012,
393960657,
394168320,
394367463,
394557234,
394736596,
394905817,
395063754,
395210249,
395345519,
395469080,
395580663,
395680950,
395770219,
395848360,
395916405,
395974300,
396023042,
396063397,
396095927,
396121381,
396140950,
396155420,
396165436,
396172035,
396176559,
396179334,
396181607,
396184115,
396187398,
396192978,
396200504,
396211449,
396226023,
396244718,
396268129,
396296499,
396330186,
396368908,
396413060,
396462588,
396517815,
396578007,
396643053,
396712770,
396786854,
396864829,
396946073,
397030172,
397116618,
397204875,
397294631,
397384554,
397474957,
397564715,
397653704,
397740919,
397826236,
397909572,
397990348,
398068216,
398142902,
398214683,
398283462,
398349015,
398411938,
398471793,
398529750,
398585262,
398639607,
398692793,
398745222,
398798098,
398851358,
398905925,
398962775,
399021772,
399084176,
399150333,
399220709,
399295973,
399376358,
399462108,
399554144,
399652167,
399756339,
399866816,
399983557,
400106531,
400235612,
400370322,
400510746,
400655977,
400805834,
400960326,
401117991,
401279109,
401442799,
401608255,
401775405,
401943243,
402111679,
402279527,
402446755,
402612648,
402776583,
402938715,
403097953,
403254196,
403406855,
403555558,
403700511,
403840557,
403976105,
404106884,
404231989,
404351774,
404465805,
404573752,
404675330,
404770776,
404859054,
404940677,
405015094,
405081737,
405140661,
405191744,
405234427,
405268658,
405293825,
405309872,
405316314,
405312871,
405299564,
405275534,
405240650,
405194917,
405137671,
405068506,
404987419,
404893760,
404787594,
404668394,
404535981,
404389703,
404230046,
404056406,
403868722,
403666714,
403450364,
403219610,
402974387,
402714863,
402441181,
402153483,
401851593,
401536401,
401208088,
400866780,
400513364,
400148239,
399772020,
399385478,
398989050,
398583697,
398170685,
397750577,
397324282,
396892477,
396456744,
396017713,
395576356,
395133558,
