125.169,
128.842,
75.7083,
47.4673,
112.161,
171.207,
211.428,
233.584,
255.009,
292.766,
337.051,
384.827,
421.819,
440.701,
437.321,
416.535,
398.875,
385.118,
402.7,
427.404,
455.314,
457.636,
426.329,
373.828,
315.278,
283.332,
279.825,
307.887,
338.391,
358.26,
356.735,
328.724,
304.641,
270.045,
273.833,
279.16,
315.163,
347.281,
366.569,
375.106,
363.752,
354.429,
348.973,
347.888,
341.931,
322.856,
300.158,
287.136,
268.862,
281.564,
239.126,
216.949,
147.63,
140.183,
182.232,
272.303,
387.324,
438.725,
420.498,
341.014,
273.572,
287.241,
381.045,
521.595,
634.668,
647.668,
596.217,
476.079,
370.675,
280.79,
236.166,
191.592,
180.093,
144.006,
119.72,
78.5121,
194.182,
423.88,
628.489,
775.411,
757.984,
694.343,
597.715,
601.007,
716.924,
855.142,
1001.13,
1009.16,
977.387,
915.025,
907.515,
971.204,
1030.65,
1094.16,
1083.99,
1107.46,
1106.53,
1107.28,
1063.05,
903.984,
755.079,
607.062,
598.016,
622.24,
600.543,
393.931,
210.987,
452.083,
722.31,
809.222,
816.714,
830.139,
1063.04,
1396.07,
1784.14,
2037.33,
2157.78,
2274.83,
2424.08,
2711.69,
2980.31,
3184.56,
3295.02,
3427.03,
3649.74,
4042.49,
4400.62,
4637.82,
4680.28,
4631.9,
4691.54,
4976.98,
5440.92,
5956.67,
6307.43,
6513.03,
6530.17,
6623.74,
6756.93,
7043.64,
7396.25,
7759.89,
8048.97,
8169.87,
8153.29,
7919.09,
7741.33,
7548.77,
7598.07,
7655.67,
7713.69,
7527.87,
7149.65,
6702.96,
6386.66,
6357.02,
6623.52,
6916.98,
7086.04,
6934.41,
6556.26,
6193.62,
6033.56,
6202.57,
6509.56,
6728.68,
6606.86,
6172.45,
5540.5,
5076.06,
4758.45,
4667.61,
4482.48,
4088.95,
3469.45,
2860.91,
2354.86,
2143.95,
2045.24,
1930.23,
1853.69,
1678.3,
1695.34,
1727.4,
1790.79,
1791.98,
1727.61,
1776.36,
2043.93,
2394.49,
2803.43,
2853.63,
2772.9,
2516.04,
2514.2,
2764.79,
3272.76,
3749.48,
4008.51,
4020.21,
3951.07,
3949.75,
4182.5,
4619.27,
5207.33,
5883.25,
6509.66,
6860.03,
7040.37,
6784.56,
6730.95,
6697.16,
7170.75,
7666.37,
8106.82,
8183.77,
7931.4,
7800.99,
7961.47,
8581.17,
9346.69,
9803.91,
9701.83,
9228.74,
8550.57,
8376.34,
8448.7,
8949.04,
9205.83,
9078.7,
8476.32,
7611.5,
6756.17,
6348,
6129.61,
6139.3,
5891.14,
5217.27,
4294.59,
3509.95,
3068.85,
3311.26,
3705.71,
3937.26,
3714.31,
3030.22,
2358.29,
2025.8,
2083.83,
2279.81,
2373.34,
2208.68,
2051.15,
2125.57,
2385.91,
2629.74,
2582.46,
2413.68,
2163.91,
1992.74,
2257.09,
2534.31,
3191.23,
3313.72,
2966.72,
2585.71,
2400.64,
2660.33,
2968.49,
3157.12,
3124.26,
2985.38,
3024.97,
3121.96,
3293.6,
3248.12,
3112.6,
2992.39,
3033.35,
3188.26,
3379.96,
3334.38,
3296.2,
3182.23,
3254.44,
3435.37,
3505.56,
3574.3,
3325.96,
3227.22,
3006.53,
3004.02,
2993.74,
3020.85,
3086.49,
3138.38,
3137.16,
2974.04,
2604.67,
2286.46,
2113.94,
2353.22,
2851.32,
3274.42,
3507.78,
3342.44,
3092.15,
2987.18,
3131.66,
3307.81,
3392.08,
3037.94,
2623.21,
2255.34,
2188.93,
2352.94,
2413.97,
2205.73,
1657.6,
1078.91,
734.902,
756.104,
1024.72,
1197.74,
1099.35,
696.645,
362.183,
365.053,
449.576,
586.366,
747.746,
822.027,
676.334,
579.104,
549.616,
496.18,
393.763,
855.025,
1232.9,
1434.09,
1365.41,
1448.24,
1840.97,
2510.92,
3094.89,
3401.74,
3233.83,
2830.57,
2403.1,
2240.01,
2319.97,
2429.35,
2544.12,
2262.57,
2031.02,
1593.4,
1335.28,
1149.32,
1034.57,
1057.71,
