394690334,
405786795,
405787220,
405787700,
405788340,
405789080,
405790133,
405791400,
405792772,
405794163,
405796069,
405798031,
405800036,
405802284,
405804985,
405807967,
405810740,
405813962,
405817198,
405820951,
405824675,
405828721,
405833030,
405837619,
405842318,
405847365,
405852511,
405857898,
405863603,
405869768,
405876078,
405882523,
405889287,
405896416,
405903756,
405911194,
405919141,
405927354,
405935598,
405944460,
405953488,
405962801,
405972377,
405981980,
405992249,
406002324,
406012948,
406023755,
406034756,
406046018,
406057467,
406069085,
406081001,
406093403,
406105649,
406117671,
406130176,
406142963,
406155507,
406168243,
406180827,
406193814,
406206410,
406219135,
406231732,
406244291,
406256538,
406268698,
406280559,
406292530,
406303712,
406315080,
406325803,
406336163,
406346141,
406355939,
406364868,
406373428,
406381640,
406389050,
406395775,
406402085,
406407834,
406412514,
406416947,
406420416,
406423175,
406425180,
406426432,
406427010,
406426569,
406425417,
406423587,
406421032,
406417344,
406413176,
406408166,
406402412,
406396044,
406388628,
406380742,
406372257,
406362882,
406353088,
406342725,
406331602,
406319963,
406307787,
406295162,
406281976,
406268551,
406254915,
406240549,
406226240,
406211542,
406196508,
406181631,
406166305,
406150753,
406135258,
406119821,
406104454,
406088812,
406073409,
406057896,
406042606,
406027718,
406012615,
405997687,
405983102,
405968606,
405954176,
405940327,
405926768,
405913249,
405900026,
405887281,
405874593,
405862469,
405850597,
405838886,
405827581,
405816806,
405806148,
405796207,
405786202,
405776607,
405767410,
405758352,
405749885,
405741661,
405733714,
405726212,
405719144,
405711963,
405705432,
405699181,
405692954,
405687293,
405681935,
405676752,
405671936,
405667359,
405663058,
405659300,
405655240,
405651952,
405648731,
405645693,
405643026,
405640469,
405638333,
405636186,
405634534,
405633197,
405631907,
405630836,
405629952,
405629498,
405629232,
405629154,
405629232,
405629501,
405629958,
405630843,
405631916,
405633193,
405634524,
405636180,
405638346,
405640463,
405643045,
405645689,
405648720,
405651955,
405655245,
405659292,
405663039,
405667369,
405671966,
405676748,
405681968,
405687274,
405692985,
405699163,
405705427,
405711959,
405719145,
405726215,
405733718,
405741677,
405749894,
405758364,
405767390,
405776618,
405786188,
405796212,
405806121,
405816784,
405827606,
405838915,
405850581,
405862494,
405874617,
405887260,
405900004,
405913263,
405926743,
405940335,
405954182,
405968581,
405983064,
405997702,
406012601,
406027709,
406042627,
406057883,
406073405,
406088786,
406104445,
406119887,
406135297,
406150731,
406166327,
406181608,
406196501,
406211518,
406226272,
406240566,
406254934,
406268548,
406281982,
406295179,
406307790,
406319947,
406331589,
406342720,
406353103,
406362864,
406372261,
406380740,
406388619,
406396071,
406402418,
406408180,
406413195,
406417341,
406421047,
406423582,
406425413,
406426559,
406427017,
406426437,
406425180,
406423188,
406420415,
406416951,
406412527,
406407829,
406402080,
406395769,
406389079,
406381645,
406373431,
406364888,
406355944,
406346157,
406336153,
406325807,
406315108,
406303720,
406292533,
406280575,
406268692,
406256516,
406244249,
406231703,
406219147,
406206405,
406193843,
406180835,
406168239,
406155538,
406142969,
406130172,
406117653,
406105663,
406093421,
406080995,
406069091,
406057436,
406046007,
406034761,
406023766,
406012957,
406002343,
405992308,
405982027,
405972382,
405962783,
405953495,
405944471,
405935580,
405927345,
405919188,
405911241,
405903776,
405896400,
405889263,
405882535,
405876085,
405869756,
405863620,
405857902,
405852504,
405847399,
405842290,
405837602,
405833012,
405828737,
405824662,
405820948,
405817188,
405813997,
405810742,
405807954,
405804994,
405802281,
405800038,
405798003,
405796066,
405794172,
405792762,
405791414,
405790131,
405789081,
405788350,
405787691,
405787219,
405786795,
